884 36
885 20
886 271
887 77
888 90
889 4
890 133
891 13
892 15
893 38
894 82
895 62
896 102
897 12
898 126
899 208
900 46
901 96
902 66
903 378
904 188
905 324
906 384
907 266
908 181
909 85
910 53
911 219
912 167
913 393
914 25
915 237
916 19
917 92
918 24
919 192
920 96
921 198
922 5
923 418
924 63
925 3
926 245
927 368
928 12
929 543
930 8
931 355
932 507
933 9
934 121
935 67
936 205
937 109
938 55
939 39
940 228
941 388
942 116
943 343
944 140
945 121
946 88
947 56
948 101
949 21
950 205
951 6769
952 112
953 185
954 310
955 184
956 92
957 240
958 134
959 138
960 210
961 177
962 13
963 306
964 391
965 253
966 277
967 304
968 3213
969 289
970 687
971 134
972 86
973 75
974 258
975 52
976 191
977 6
978 60
979 304
980 260
981 206
982 0
983 199
